0
0.000000 -1.000000 -0.000000 -0.050000
-1.000000 0.000000 0.000000 -0.002000
0.000000 0.000000 -1.000000 0.000000
1
0.000000 -1.000000 -0.000000 -0.050000
-1.000000 0.000000 0.000000 -0.002000
0.000000 0.000000 -1.000000 0.000000
2
-0.000382 -0.999999 0.001226 -0.050009
-0.999998 0.000379 -0.001856 -0.002730
0.001856 -0.001227 -0.999998 0.000032
3
-0.001162 -0.999998 0.001415 -0.049973
-0.999994 0.001157 -0.003441 -0.002973
0.003440 -0.001419 -0.999993 0.000197
4
-0.000610 -0.999999 0.001613 -0.049745
-0.999997 0.000606 -0.002420 -0.001483
0.002419 -0.001614 -0.999996 -0.000009
5
-0.001537 -0.999997 0.002140 -0.049326
-0.999993 0.001530 -0.003435 -0.001452
0.003432 -0.002145 -0.999992 0.000736
6
-0.001688 -0.999997 0.001629 -0.050491
-0.999985 0.001679 -0.005144 -0.002060
0.005141 -0.001638 -0.999986 0.000013
7
-0.001865 -0.999995 0.002463 -0.050325
-0.999981 0.001850 -0.005914 -0.001758
0.005910 -0.002474 -0.999980 0.000184
8
-0.002706 -0.999993 0.002583 -0.050136
-0.999971 0.002687 -0.007196 -0.002198
0.007189 -0.002602 -0.999971 0.000065
9
-0.003047 -0.999993 0.002148 -0.050252
-0.999958 0.003028 -0.008670 -0.001883
0.008664 -0.002175 -0.999960 0.000293
10
-0.002807 -0.999994 0.002257 -0.050457
-0.999940 0.002783 -0.010620 -0.001520
0.010613 -0.002286 -0.999941 0.000997
11
-0.003139 -0.999990 0.003210 -0.050509
-0.999912 0.003097 -0.012867 -0.001911
0.012857 -0.003250 -0.999912 0.000482
12
-0.004128 -0.999986 0.003237 -0.050294
-0.999856 0.004073 -0.016459 -0.001397
0.016445 -0.003305 -0.999860 0.000205
13
-0.003479 -0.999994 0.000941 -0.050329
-0.999743 0.003458 -0.022412 -0.001924
0.022409 -0.001019 -0.999748 0.000903
14
-0.001411 -0.999999 -0.000549 -0.050233
-0.999579 0.001426 -0.028968 -0.001882
0.028969 0.000508 -0.999580 0.001085
15
0.000147 -1.000000 0.000855 -0.051062
-0.999336 -0.000178 -0.036435 -0.000369
0.036435 -0.000849 -0.999336 0.001574
16
-0.000785 -0.999984 0.005540 -0.050523
-0.998817 0.000515 -0.048625 -0.000827
0.048621 -0.005571 -0.998802 0.001693
17
-0.000338 -0.999975 0.007079 -0.050072
-0.998123 -0.000096 -0.061249 0.000357
0.061248 -0.007086 -0.998098 0.004164
18
0.001280 -0.999989 0.004547 -0.050976
-0.997215 -0.001615 -0.074568 0.002507
0.074575 -0.004439 -0.997205 0.006539
19
0.002673 -0.999987 0.004316 -0.049575
-0.996117 -0.003043 -0.087992 0.006401
0.088004 -0.004064 -0.996112 0.010030
20
0.003209 -0.999993 0.001990 -0.048953
-0.994676 -0.003397 -0.102998 0.008173
0.103004 -0.001649 -0.994680 0.015100
21
0.004063 -0.999991 -0.001385 -0.048706
-0.993129 -0.003873 -0.116959 0.011950
0.116952 0.001850 -0.993136 0.019435
22
0.005360 -0.999977 -0.004262 -0.050236
-0.990925 -0.004739 -0.134332 0.015808
0.134309 0.004943 -0.990927 0.023917
23
0.005143 -0.999981 -0.003584 -0.051648
-0.987671 -0.004519 -0.156478 0.017076
0.156459 0.004345 -0.987675 0.026998
24
-0.009623 -0.999602 -0.026507 -0.071313
-0.984386 0.014129 -0.175455 0.019362
0.175760 0.024405 -0.984130 0.017919
25
-0.009770 -0.999558 -0.028058 -0.071780
-0.980277 0.015113 -0.197049 0.020223
0.197386 0.025579 -0.979992 0.021769
26
-0.009412 -0.999505 -0.030034 -0.072202
-0.976035 0.015713 -0.217045 0.022061
0.217410 0.027271 -0.975700 0.023826
27
-0.008705 -0.999368 -0.034450 -0.072838
-0.971347 0.016634 -0.237084 0.023416
0.237507 0.031399 -0.970878 0.027680
28
-0.006009 -0.999237 -0.038601 -0.072731
-0.966768 0.015671 -0.255174 0.024810
0.255584 0.035784 -0.966124 0.031187
29
-0.003283 -0.999018 -0.044191 -0.074638
-0.961920 0.015232 -0.272906 0.024818
0.273311 0.041612 -0.961025 0.034884
30
0.000545 -0.998792 -0.049131 -0.078330
-0.956948 0.013739 -0.289934 0.024303
0.290259 0.047174 -0.955785 0.036351
31
0.003513 -0.998676 -0.051312 -0.083312
-0.950511 0.012607 -0.310436 0.022292
0.310672 0.049863 -0.949208 0.036700
32
0.003418 -0.998909 -0.046567 -0.084848
-0.944218 0.012111 -0.329097 0.021970
0.329302 0.045094 -0.943147 0.038112
33
0.008237 -0.998914 -0.045858 -0.092911
-0.938981 0.008043 -0.343876 0.021402
0.343871 0.045893 -0.937895 0.041288
34
0.006838 -0.999425 -0.033212 -0.090971
-0.933484 0.005529 -0.358576 0.019599
0.358554 0.033455 -0.932910 0.043469
35
0.008916 -0.999611 -0.026438 -0.094147
-0.929784 0.001442 -0.368104 0.018183
0.367999 0.027864 -0.929409 0.042271
36
0.005239 -0.999815 -0.018480 -0.093694
-0.926285 0.002112 -0.376818 0.020103
0.376787 0.019092 -0.926103 0.043590
37
0.001928 -0.999868 -0.016156 -0.094686
-0.923782 0.004405 -0.382893 0.023680
0.382913 0.015663 -0.923652 0.044176
38
-0.001412 -0.999842 -0.017697 -0.095929
-0.922261 0.008143 -0.386482 0.032762
0.386565 0.015776 -0.922127 0.043700
39
-0.000193 -0.999813 -0.019346 -0.096640
-0.917099 0.007890 -0.398582 0.032959
0.398660 0.017665 -0.916929 0.045499
40
0.001914 -0.999734 -0.022991 -0.098067
-0.912748 0.007646 -0.408453 0.034300
0.408520 0.021767 -0.912490 0.047133
41
0.004554 -0.999642 -0.026363 -0.100427
-0.907897 0.006918 -0.419137 0.033875
0.419169 0.025844 -0.907540 0.047189
42
0.007121 -0.999588 -0.027801 -0.102779
-0.902469 0.005550 -0.430719 0.033196
0.430696 0.028157 -0.902057 0.046770
43
0.009233 -0.999523 -0.029458 -0.106571
-0.895545 0.004840 -0.444944 0.030642
0.444875 0.030489 -0.895074 0.046079
44
0.009396 -0.999599 -0.026712 -0.106727
-0.890331 0.003798 -0.455298 0.031781
0.455217 0.028060 -0.889939 0.047561
45
0.007925 -0.999672 -0.024370 -0.106091
-0.887023 0.004223 -0.461706 0.034594
0.461657 0.025276 -0.886699 0.048674
46
0.007866 -0.999628 -0.026114 -0.106434
-0.882867 0.005320 -0.469594 0.035218
0.469558 0.026749 -0.882496 0.049359
47
0.009444 -0.999503 -0.030078 -0.106399
-0.880469 0.005947 -0.474067 0.038589
0.474010 0.030960 -0.879975 0.051204
48
0.013870 -0.999304 -0.034621 -0.107135
-0.876120 0.004541 -0.482072 0.037272
0.481894 0.037018 -0.875447 0.051543
49
0.019787 -0.999000 -0.040099 -0.109243
-0.872346 0.002345 -0.488884 0.037105
0.488489 0.044654 -0.871427 0.052605
50
0.024803 -0.998811 -0.041977 -0.109119
-0.869781 -0.000861 -0.493438 0.038437
0.492815 0.048750 -0.868768 0.053313
51
0.032797 -0.998475 -0.044399 -0.112109
-0.864690 -0.006068 -0.502269 0.034710
0.501234 0.054864 -0.863571 0.052873
52
0.036223 -0.998426 -0.042830 -0.110881
-0.861826 -0.009513 -0.507115 0.035310
0.505910 0.055281 -0.860814 0.053245
53
0.039276 -0.998305 -0.042960 -0.110624
-0.860149 -0.011898 -0.509905 0.036112
0.508529 0.056979 -0.859158 0.053456
54
0.044173 -0.997965 -0.045980 -0.111435
-0.857553 -0.014267 -0.514198 0.036636
0.512496 0.062144 -0.856438 0.053487
55
0.049401 -0.997596 -0.048595 -0.111110
-0.854962 -0.017085 -0.518410 0.036248
0.516333 0.067157 -0.853751 0.054904
56
0.055314 -0.997119 -0.051903 -0.111183
-0.853425 -0.020232 -0.520823 0.035708
0.518273 0.073104 -0.852085 0.056094
57
0.060426 -0.996651 -0.055106 -0.111482
-0.852953 -0.022880 -0.521486 0.036819
0.518479 0.078515 -0.851479 0.054433
58
0.065725 -0.996018 -0.060245 -0.112009
-0.850868 -0.024403 -0.524812 0.037108
0.521252 0.085754 -0.849084 0.054372
59
0.071756 -0.995316 -0.064786 -0.112061
-0.848976 -0.026854 -0.527749 0.037147
0.523537 0.092870 -0.846927 0.054792
60
0.076002 -0.994531 -0.071639 -0.112111
-0.851381 -0.027330 -0.523835 0.043668
0.519013 0.100804 -0.848802 0.055213
61
0.083918 -0.993480 -0.077172 -0.112764
-0.848461 -0.030625 -0.528372 0.039849
0.522563 0.109817 -0.845499 0.057526
62
0.091432 -0.992501 -0.081134 -0.113129
-0.848288 -0.034953 -0.528381 0.040476
0.521582 0.117135 -0.845122 0.055833
63
0.098226 -0.991578 -0.084411 -0.113787
-0.845923 -0.038517 -0.531912 0.039760
0.524181 0.123653 -0.842582 0.054046
64
0.103484 -0.990729 -0.088019 -0.113339
-0.843827 -0.040602 -0.535076 0.040037
0.526542 0.129645 -0.840206 0.053918
65
0.107994 -0.989911 -0.091728 -0.113691
-0.841506 -0.041894 -0.538621 0.039336
0.529344 0.135357 -0.837540 0.053345
66
0.111894 -0.989219 -0.094478 -0.114432
-0.839568 -0.043246 -0.541531 0.040059
0.531607 0.139915 -0.835355 0.051250
67
0.114165 -0.988875 -0.095359 -0.115063
-0.835823 -0.043723 -0.547255 0.040083
0.536998 0.142180 -0.831516 0.048494
68
0.115870 -0.988343 -0.098748 -0.115833
-0.832332 -0.042363 -0.552655 0.041097
0.542030 0.146228 -0.827539 0.048142
69
0.121374 -0.987419 -0.101348 -0.116769
-0.829312 -0.044771 -0.556989 0.041828
0.545444 0.151653 -0.824313 0.045851
70
0.127135 -0.986720 -0.101095 -0.120728
-0.821302 -0.047575 -0.568507 0.040837
0.556147 0.155307 -0.816443 0.039238
71
0.130916 -0.986387 -0.099504 -0.124981
-0.811387 -0.048933 -0.582457 0.039975
0.569659 0.156990 -0.806748 0.039752
72
0.129644 -0.987603 -0.088504 -0.118751
-0.803712 -0.052390 -0.592708 0.030667
0.580723 0.147973 -0.800540 0.043504
73
0.125511 -0.987845 -0.091700 -0.124539
-0.809523 -0.048543 -0.585078 0.038276
0.573515 0.147668 -0.805777 0.036885
74
0.119007 -0.988474 -0.093581 -0.125140
-0.808054 -0.041653 -0.587633 0.040063
0.576962 0.145551 -0.803697 0.036904
75
0.113629 -0.989191 -0.092680 -0.123188
-0.808180 -0.037771 -0.587723 0.038187
0.577870 0.141684 -0.803737 0.034066
76
0.111409 -0.989035 -0.096945 -0.128785
-0.809534 -0.033740 -0.586103 0.041368
0.576405 0.143778 -0.804416 0.029047
77
0.108181 -0.989463 -0.096230 -0.130512
-0.807636 -0.031031 -0.588864 0.041461
0.579673 0.141423 -0.802483 0.026327
78
0.105419 -0.990005 -0.093687 -0.132341
-0.807215 -0.030170 -0.589486 0.041811
0.580768 0.137769 -0.802327 0.023445
79
0.103569 -0.990548 -0.089930 -0.139933
-0.805255 -0.030436 -0.592147 0.040237
0.583813 0.133745 -0.800796 0.016493
80
0.094057 -0.992273 -0.080914 -0.141550
-0.804460 -0.027870 -0.593352 0.041977
0.586512 0.120901 -0.800866 0.012369
81
0.085242 -0.993740 -0.072206 -0.141395
-0.804614 -0.025914 -0.593232 0.042265
0.587647 0.108667 -0.801787 0.008467
82
0.077427 -0.994722 -0.067335 -0.142973
-0.807544 -0.022963 -0.589360 0.049576
0.584703 0.100009 -0.805060 0.004617
83
0.071185 -0.995468 -0.063055 -0.143959
-0.805531 -0.020091 -0.592213 0.052128
0.588262 0.092949 -0.803311 -0.000319
84
0.065455 -0.996142 -0.058460 -0.144165
-0.802362 -0.017712 -0.596575 0.051655
0.593238 0.085955 -0.800426 -0.002877
85
0.058910 -0.996568 -0.058152 -0.141798
-0.805337 -0.013022 -0.592674 0.059012
0.589883 0.081746 -0.803340 -0.004226
86
0.063862 -0.996037 -0.061907 -0.152740
-0.802635 -0.014400 -0.596297 0.057797
0.593042 0.087770 -0.800374 -0.011244
87
0.062229 -0.996600 -0.054003 -0.160177
-0.799916 -0.017444 -0.599859 0.058066
0.596878 0.080527 -0.798281 -0.017439
88
0.054038 -0.997891 -0.035973 -0.160636
-0.797288 -0.021429 -0.603219 0.053168
0.601176 0.061277 -0.796764 -0.025620
89
0.037739 -0.999091 -0.019821 -0.158806
-0.803720 -0.018561 -0.594718 0.064823
0.593810 0.038374 -0.803690 -0.028449
90
0.026470 -0.999594 -0.010528 -0.151395
-0.802810 -0.014981 -0.596046 0.070864
0.595646 0.024229 -0.802881 -0.029945
91
0.026246 -0.999592 -0.011221 -0.151124
-0.798442 -0.014208 -0.601904 0.067953
0.601500 0.024757 -0.798489 -0.032119
92
0.025734 -0.999580 -0.013322 -0.156166
-0.798490 -0.012535 -0.601878 0.071691
0.601458 0.026126 -0.798477 -0.036811
93
0.019361 -0.999765 -0.009784 -0.152950
-0.796221 -0.009499 -0.604931 0.075314
0.604695 0.019502 -0.796218 -0.040960
94
0.019215 -0.999755 -0.011035 -0.152485
-0.793734 -0.008542 -0.608206 0.077035
0.607962 0.020446 -0.793703 -0.041106
95
0.019504 -0.999809 -0.001324 -0.140136
-0.797503 -0.014759 -0.603135 0.087097
0.603000 0.012820 -0.797639 -0.028625
96
0.019145 -0.999816 -0.000983 -0.142167
-0.794625 -0.014619 -0.606924 0.086192
0.606798 0.012401 -0.794759 -0.030734
97
0.017701 -0.999843 -0.001006 -0.144401
-0.794405 -0.013453 -0.607239 0.086669
0.607130 0.011547 -0.794519 -0.032411
98
0.011228 -0.999937 0.000206 -0.144769
-0.796178 -0.009065 -0.604995 0.086770
0.604958 0.006629 -0.796230 -0.036530
99
0.006032 -0.999978 0.002700 -0.148708
-0.800342 -0.006447 -0.599509 0.089403
0.599514 0.001455 -0.800363 -0.038198
100
-0.004262 -0.999968 0.006858 -0.150841
-0.804606 -0.000643 -0.593809 0.091909
0.593794 -0.008049 -0.804577 -0.040626
101
-0.013601 -0.999838 0.011794 -0.153654
-0.809521 0.004087 -0.587077 0.094990
0.586933 -0.017532 -0.809446 -0.044940
102
-0.023968 -0.999559 0.017506 -0.157055
-0.812521 0.009275 -0.582858 0.100024
0.582439 -0.028194 -0.812386 -0.050306
103
-0.034045 -0.999168 0.022456 -0.159494
-0.812804 0.014607 -0.582354 0.099522
0.581542 -0.038078 -0.812625 -0.052577
104
-0.042317 -0.998773 0.025728 -0.162004
-0.816138 0.019702 -0.577520 0.098845
0.576305 -0.045437 -0.815971 -0.054424
105
-0.047787 -0.998403 0.030148 -0.167470
-0.821663 0.022129 -0.569544 0.103003
0.567967 -0.051988 -0.821408 -0.059549
106
-0.057619 -0.997626 0.037713 -0.169932
-0.823692 0.026160 -0.566433 0.107344
0.564102 -0.063701 -0.823244 -0.065798
107
-0.066211 -0.996867 0.043270 -0.172809
-0.822440 0.029969 -0.568062 0.109014
0.564986 -0.073199 -0.821848 -0.070098
108
-0.072566 -0.995531 0.060435 -0.168202
-0.823027 0.025546 -0.567428 0.112444
0.563348 -0.090915 -0.821202 -0.064196
109
-0.083652 -0.994219 0.067306 -0.170566
-0.821184 0.030516 -0.569847 0.111929
0.564499 -0.102939 -0.818990 -0.068600
110
-0.092364 -0.993078 0.072563 -0.175288
-0.821256 0.034771 -0.569500 0.113873
0.563035 -0.112195 -0.818782 -0.070661
111
-0.099487 -0.991686 0.081613 -0.177832
-0.821678 0.035618 -0.568838 0.117169
0.561202 -0.123652 -0.818391 -0.078175
112
-0.112660 -0.988843 0.097455 -0.185416
-0.815334 0.035940 -0.577874 0.115432
0.567924 -0.144561 -0.810286 -0.085927
113
-0.114040 -0.987924 0.104889 -0.187122
-0.814944 0.032639 -0.578620 0.116009
0.568209 -0.151464 -0.808825 -0.091496
114
-0.111100 -0.987764 0.109447 -0.191934
-0.813276 0.027070 -0.581248 0.115240
0.571173 -0.153587 -0.806333 -0.092181
115
-0.110961 -0.987241 0.114205 -0.195278
-0.811070 0.023548 -0.584475 0.114481
0.574328 -0.157482 -0.803334 -0.095922
116
-0.110354 -0.987045 0.116465 -0.201103
-0.809142 0.021174 -0.587232 0.112521
0.577158 -0.159040 -0.800996 -0.096912
117
-0.111772 -0.986519 0.119526 -0.206709
-0.808893 0.020454 -0.587600 0.110689
0.577234 -0.162361 -0.800275 -0.098423
118
-0.113858 -0.985749 0.123836 -0.210248
-0.810406 0.020048 -0.585525 0.110448
0.574698 -0.167024 -0.801140 -0.099613
119
-0.115552 -0.984995 0.128191 -0.212509
-0.811716 0.019256 -0.583735 0.108131
0.572507 -0.171506 -0.801761 -0.101104
120
-0.116886 -0.984683 0.129375 -0.216413
-0.814554 0.020522 -0.579725 0.108049
0.568190 -0.173145 -0.804476 -0.102256
121
-0.125971 -0.983362 0.130887 -0.219407
-0.819288 0.028731 -0.572661 0.112321
0.559373 -0.179373 -0.809276 -0.107236
122
-0.131014 -0.982962 0.128925 -0.219878
-0.819552 0.034212 -0.571983 0.114374
0.557826 -0.180598 -0.810070 -0.108146
123
-0.132572 -0.983299 0.124694 -0.224823
-0.818691 0.037716 -0.572994 0.113865
0.558721 -0.178049 -0.810018 -0.107734
124
-0.134147 -0.982846 0.126566 -0.227624
-0.819472 0.038208 -0.571845 0.115084
0.557200 -0.180428 -0.810540 -0.110636
125
-0.138646 -0.981759 0.130106 -0.230679
-0.818009 0.039473 -0.573850 0.115680
0.558246 -0.185990 -0.808560 -0.112680
126
-0.146384 -0.980194 0.133384 -0.233999
-0.816049 0.043441 -0.576347 0.114437
0.559138 -0.193216 -0.806246 -0.115299
127
-0.156307 -0.977410 0.142262 -0.231517
-0.815577 0.046476 -0.576779 0.116016
0.557137 -0.206180 -0.804418 -0.121857
128
-0.167142 -0.974924 0.146922 -0.230849
-0.812238 0.051688 -0.581031 0.114604
0.558868 -0.216451 -0.800510 -0.125600
129
-0.177318 -0.972417 0.151540 -0.229109
-0.810976 0.057138 -0.582283 0.115573
0.557563 -0.226144 -0.798738 -0.131965
130
-0.186446 -0.970039 0.155765 -0.222920
-0.806392 0.060529 -0.588276 0.116215
0.561222 -0.235290 -0.793517 -0.140837
131
-0.190120 -0.969810 0.152716 -0.223871
-0.798447 0.062226 -0.598842 0.114455
0.571260 -0.235787 -0.786172 -0.140051
132
-0.193292 -0.969790 0.148812 -0.225055
-0.791036 0.064309 -0.608380 0.108486
0.580431 -0.235311 -0.779570 -0.138808
133
-0.194444 -0.970306 0.143865 -0.222564
-0.788486 0.067364 -0.611352 0.103229
0.583508 -0.232309 -0.778172 -0.137470
134
-0.192325 -0.971562 0.138126 -0.224624
-0.789749 0.069688 -0.609458 0.100410
0.582501 -0.226299 -0.780693 -0.138497
135
-0.189040 -0.972457 0.136354 -0.225419
-0.793797 0.069592 -0.604189 0.101001
0.578058 -0.222453 -0.785089 -0.139284
136
-0.183654 -0.973272 0.137887 -0.224913
-0.797605 0.065558 -0.599608 0.103950
0.574542 -0.220099 -0.788326 -0.140250
137
-0.178025 -0.974153 0.139041 -0.225215
-0.797270 0.059971 -0.600637 0.103590
0.576774 -0.217782 -0.787339 -0.139213
138
-0.175189 -0.974677 0.138974 -0.223839
-0.795067 0.056804 -0.603856 0.100510
0.580670 -0.216283 -0.784885 -0.139849
139
-0.172077 -0.975858 0.134500 -0.219988
-0.794223 0.056665 -0.604979 0.099061
0.582752 -0.210926 -0.784800 -0.139933
140
-0.165307 -0.977942 0.127685 -0.218910
-0.794519 0.055348 -0.604711 0.099098
0.584305 -0.201411 -0.786143 -0.137254
141
-0.155318 -0.980686 0.118877 -0.218198
-0.793910 0.052305 -0.605782 0.099279
0.587864 -0.188466 -0.786700 -0.134072
142
-0.141224 -0.983954 0.109048 -0.215586
-0.792596 0.046378 -0.607981 0.098014
0.593167 -0.172292 -0.786428 -0.132937
143
-0.126952 -0.987937 0.088684 -0.221146
-0.791275 0.046953 -0.609655 0.097461
0.598137 -0.147570 -0.787690 -0.122592
144
-0.115628 -0.990604 0.073030 -0.229961
-0.792427 0.047664 -0.608102 0.101446
0.598908 -0.128184 -0.790493 -0.115460
145
-0.108549 -0.991860 0.066567 -0.227158
-0.789723 0.045368 -0.611784 0.101179
0.603784 -0.118978 -0.788219 -0.114274
146
-0.093317 -0.993942 0.058069 -0.231319
-0.787984 0.038078 -0.614518 0.099962
0.608583 -0.103102 -0.786763 -0.110056
147
-0.081665 -0.995037 0.056853 -0.239524
-0.785561 0.029157 -0.618096 0.100716
0.613371 -0.095138 -0.784044 -0.106392
148
-0.076718 -0.995198 0.060787 -0.232819
-0.781799 0.022207 -0.623135 0.095006
0.618793 -0.095329 -0.779748 -0.106192
149
-0.067830 -0.996339 0.052032 -0.228627
-0.780339 0.020484 -0.625022 0.094012
0.621668 -0.082998 -0.778872 -0.105461
150
-0.060171 -0.997515 0.036658 -0.230757
-0.779271 0.023993 -0.626227 0.096355
0.623792 -0.066247 -0.778778 -0.099550
151
-0.053365 -0.998217 0.026737 -0.232205
-0.777681 0.024750 -0.628172 0.095814
0.626390 -0.054316 -0.777615 -0.094899
152
-0.042075 -0.998875 0.021846 -0.232664
-0.779093 0.019113 -0.626617 0.095312
0.625495 -0.043385 -0.779021 -0.091855
153
-0.032268 -0.999305 0.018666 -0.233166
-0.780449 0.013525 -0.625074 0.094704
0.624387 -0.034738 -0.780343 -0.089501
154
-0.024210 -0.999536 0.018506 -0.230446
-0.781539 0.007381 -0.623812 0.096964
0.623386 -0.029566 -0.781355 -0.088733
155
-0.021154 -0.999699 0.012437 -0.226653
-0.777748 0.008638 -0.628517 0.096833
0.628221 -0.022968 -0.777696 -0.088098
156
-0.017844 -0.999835 0.003377 -0.226443
-0.774621 0.011689 -0.632318 0.095165
0.632174 -0.013899 -0.774702 -0.081765
157
-0.016140 -0.999870 -0.000533 -0.223692
-0.774954 0.012846 -0.631887 0.096281
0.631812 -0.009786 -0.775060 -0.081829
158
-0.013592 -0.999905 -0.002534 -0.216546
-0.772195 0.012106 -0.635270 0.098344
0.635240 -0.006677 -0.772286 -0.085548
159
-0.000384 -0.999858 -0.016851 -0.210556
-0.764266 0.011161 -0.644805 0.092439
0.644902 0.012631 -0.764162 -0.075970
160
0.013442 -0.999624 -0.023927 -0.206183
-0.765130 0.005122 -0.643855 0.090463
0.643735 0.026962 -0.764774 -0.071633
161
0.028103 -0.998944 -0.036354 -0.204950
-0.766781 0.001789 -0.641906 0.089094
0.641293 0.045915 -0.765921 -0.068273
162
0.045230 -0.997895 -0.046473 -0.201847
-0.769302 -0.005116 -0.638865 0.088915
0.637283 0.064647 -0.767914 -0.060268
163
0.061433 -0.996189 -0.061917 -0.199806
-0.770374 -0.007881 -0.637543 0.087957
0.634625 0.086866 -0.767922 -0.052113
164
0.078940 -0.994039 -0.075196 -0.196168
-0.770761 -0.013022 -0.636992 0.088293
0.632216 0.108242 -0.767194 -0.046414
165
0.095706 -0.991517 -0.087943 -0.192307
-0.772041 -0.018172 -0.635313 0.087599
0.628326 0.128699 -0.767232 -0.039606
166
0.110241 -0.988564 -0.102898 -0.190551
-0.772079 -0.019981 -0.635213 0.087467
0.625893 0.149472 -0.765452 -0.036697
167
0.119727 -0.985865 -0.117204 -0.187402
-0.773167 -0.018532 -0.633932 0.088586
0.622799 0.166517 -0.764457 -0.027109
168
0.132697 -0.982760 -0.128738 -0.183828
-0.773863 -0.021571 -0.632986 0.088956
0.619296 0.183621 -0.763384 -0.026774
169
0.142333 -0.979784 -0.140591 -0.182382
-0.773352 -0.021426 -0.633615 0.090204
0.617793 0.198910 -0.760767 -0.020177
170
0.151413 -0.975973 -0.156687 -0.175375
-0.771563 -0.017609 -0.635909 0.091359
0.617871 0.217179 -0.755691 -0.017338
171
0.153333 -0.974727 -0.162471 -0.173117
-0.769538 -0.014639 -0.638434 0.091691
0.619920 0.222921 -0.752333 -0.015265
172
0.153982 -0.974320 -0.164289 -0.170410
-0.767415 -0.013195 -0.641015 0.089687
0.622386 0.224783 -0.749739 -0.009812
173
0.149339 -0.974960 -0.164773 -0.165266
-0.768337 -0.009531 -0.639975 0.088474
0.622379 0.222174 -0.750521 -0.010391
174
0.142140 -0.975723 -0.166613 -0.160890
-0.770800 -0.003502 -0.637067 0.089479
0.621018 0.218978 -0.752586 -0.013983
175
0.133448 -0.976678 -0.168199 -0.156633
-0.772832 0.003692 -0.634600 0.092258
0.620421 0.214676 -0.754316 -0.015491
176
0.126122 -0.977628 -0.168337 -0.152718
-0.772308 0.009736 -0.635174 0.092697
0.622602 0.210118 -0.753802 -0.016785
177
0.120756 -0.979214 -0.162965 -0.146046
-0.772147 0.010519 -0.635357 0.092553
0.623865 0.202556 -0.754827 -0.014239
178
0.114976 -0.980711 -0.158075 -0.138964
-0.771773 0.011997 -0.635785 0.090900
0.625417 0.195098 -0.755507 -0.014558
179
0.117618 -0.980733 -0.155979 -0.133142
-0.774518 0.007709 -0.632505 0.090274
0.621521 0.195203 -0.758688 -0.012695
180
0.124598 -0.979928 -0.155618 -0.131199
-0.776074 0.001472 -0.630640 0.090416
0.618211 0.199347 -0.760313 -0.012832
181
0.124673 -0.979803 -0.156345 -0.126988
-0.777016 0.001574 -0.629479 0.090740
0.617011 0.199961 -0.761126 -0.011631
182
0.125879 -0.979190 -0.159191 -0.122359
-0.777870 0.002166 -0.628422 0.090199
0.615689 0.202935 -0.761410 -0.009420
183
0.127967 -0.978582 -0.161253 -0.120703
-0.778516 0.001616 -0.627623 0.088962
0.614441 0.205853 -0.761635 -0.008835
184
0.128075 -0.978482 -0.161772 -0.118862
-0.780746 0.001113 -0.624847 0.089932
0.611581 0.206331 -0.763803 -0.009582
185
0.127656 -0.978435 -0.162385 -0.115228
-0.781483 0.001589 -0.623924 0.090093
0.610727 0.206549 -0.764428 -0.009535
186
0.127952 -0.977982 -0.164861 -0.112809
-0.782800 0.002482 -0.622268 0.089708
0.608976 0.208674 -0.765247 -0.008093
187
0.130299 -0.977638 -0.165063 -0.112978
-0.783351 0.000542 -0.621579 0.089247
0.607769 0.210293 -0.765763 -0.008991
188
0.128325 -0.978027 -0.164306 -0.111619
-0.784635 0.001200 -0.619957 0.089678
0.606532 0.208476 -0.767240 -0.008872
189
0.126383 -0.978374 -0.163740 -0.112532
-0.784609 0.002407 -0.619986 0.090848
0.606973 0.206828 -0.767337 -0.010930
190
0.121877 -0.979431 -0.160814 -0.110592
-0.783617 0.004489 -0.621228 0.090202
0.609172 0.201730 -0.766952 -0.010470
191
0.118350 -0.979929 -0.160415 -0.110203
-0.783104 0.007218 -0.621849 0.091989
0.610525 0.199218 -0.766532 -0.011871
192
0.119087 -0.980314 -0.157487 -0.110622
-0.779757 0.005852 -0.626055 0.090630
0.614652 0.197356 -0.763710 -0.011004
193
0.120667 -0.981014 -0.151825 -0.111903
-0.777378 0.001732 -0.629031 0.088518
0.617351 0.193928 -0.762410 -0.010702
194
0.124872 -0.981931 -0.142195 -0.113765
-0.776239 -0.007426 -0.630395 0.086533
0.617948 0.189096 -0.763140 -0.009378
195
0.129644 -0.982831 -0.131282 -0.117628
-0.775020 -0.017855 -0.631685 0.085787
0.618496 0.183641 -0.764028 -0.011971
196
0.129904 -0.984154 -0.120692 -0.119235
-0.773082 -0.024312 -0.633840 0.085023
0.620861 0.175643 -0.763990 -0.013862
197
0.131357 -0.984718 -0.114352 -0.119827
-0.769970 -0.028688 -0.637435 0.085687
0.624413 0.171779 -0.761971 -0.013451
198
0.134260 -0.984610 -0.111885 -0.122076
-0.765681 -0.031403 -0.642454 0.082384
0.629053 0.171924 -0.758113 -0.011434
199
0.135588 -0.984540 -0.110891 -0.125562
-0.765593 -0.033072 -0.642475 0.080845
0.628875 0.172009 -0.758241 -0.009803
200
0.136105 -0.984778 -0.108114 -0.130779
-0.766152 -0.035442 -0.641681 0.080158
0.628081 0.170168 -0.759313 -0.009347
201
0.133770 -0.985864 -0.100885 -0.135756
-0.766658 -0.038442 -0.640904 0.080676
0.627966 0.163078 -0.760963 -0.009572
202
0.127371 -0.987603 -0.091748 -0.140675
-0.765902 -0.039159 -0.641763 0.078689
0.630215 0.152012 -0.761395 -0.009037
203
0.119784 -0.989511 -0.080748 -0.142282
-0.767421 -0.040685 -0.639852 0.076663
0.629855 0.138612 -0.764245 -0.011145
204
0.114760 -0.990453 -0.076376 -0.146321
-0.771292 -0.040385 -0.635199 0.076641
0.626050 0.131804 -0.768563 -0.009347
205
0.109410 -0.991570 -0.069421 -0.151618
-0.774200 -0.041206 -0.631598 0.077057
0.623413 0.122849 -0.772182 -0.009952
206
0.101432 -0.992988 -0.060711 -0.155803
-0.775795 -0.040749 -0.629668 0.077340
0.622779 0.110968 -0.774489 -0.011758
207
0.093279 -0.994332 -0.051026 -0.160371
-0.776170 -0.040524 -0.629220 0.077862
0.623586 0.098298 -0.775551 -0.012872
208
0.086301 -0.995481 -0.039637 -0.164704
-0.775133 -0.042098 -0.630394 0.078891
0.625877 0.085128 -0.775263 -0.016481
209
0.077673 -0.996639 -0.026042 -0.168995
-0.771084 -0.043496 -0.635246 0.077696
0.631978 0.069422 -0.771871 -0.017758
210
0.067983 -0.997578 -0.014706 -0.173679
-0.768679 -0.042976 -0.638190 0.074587
0.636012 0.054690 -0.769739 -0.018623
211
0.057535 -0.998343 -0.000732 -0.178553
-0.769123 -0.043857 -0.637594 0.074398
0.636506 0.037247 -0.770372 -0.020899
212
0.044948 -0.998911 0.012495 -0.179319
-0.768622 -0.042570 -0.638285 0.073697
0.638122 0.019086 -0.769699 -0.025059
213
0.037006 -0.999096 0.020940 -0.182028
-0.766804 -0.041827 -0.640518 0.072593
0.640814 0.007646 -0.767658 -0.027103
214
0.030721 -0.999140 0.027834 -0.184933
-0.765534 -0.041425 -0.642060 0.070656
0.642661 -0.001583 -0.766149 -0.028212
215
0.024967 -0.999155 0.032662 -0.187991
-0.766691 -0.040105 -0.640763 0.068053
0.641531 -0.009044 -0.767044 -0.029202
216
0.020139 -0.999139 0.036281 -0.193237
-0.770436 -0.038636 -0.636345 0.067075
0.637199 -0.015137 -0.770550 -0.028268
217
0.011880 -0.999050 0.041922 -0.197269
-0.775911 -0.035656 -0.629834 0.069048
0.630731 -0.025045 -0.775598 -0.029606
218
0.001654 -0.998780 0.049360 -0.200979
-0.779145 -0.032228 -0.626014 0.071084
0.626841 -0.037423 -0.778248 -0.032002
219
-0.011981 -0.998171 0.059257 -0.203739
-0.779918 -0.027758 -0.625266 0.071678
0.625768 -0.053707 -0.778159 -0.035002
220
-0.026654 -0.997343 0.067803 -0.206680
-0.780869 -0.021575 -0.624322 0.071736
0.624126 -0.069586 -0.778219 -0.037079
221
-0.037317 -0.996412 0.075966 -0.206409
-0.781269 -0.018308 -0.623926 0.071228
0.623078 -0.082633 -0.777783 -0.040859
222
-0.045040 -0.995818 0.079489 -0.208630
-0.781518 -0.014439 -0.623716 0.070400
0.622255 -0.090215 -0.777599 -0.040782
223
-0.052663 -0.995181 0.082715 -0.212424
-0.782865 -0.010279 -0.622106 0.072178
0.619958 -0.097517 -0.778551 -0.042789
224
-0.063846 -0.994157 0.087040 -0.215939
-0.783081 -0.004158 -0.621906 0.073685
0.618634 -0.107865 -0.778239 -0.044526
225
-0.076413 -0.992858 0.091625 -0.218156
-0.782523 0.002767 -0.622615 0.073330
0.617915 -0.119274 -0.777146 -0.048312
226
-0.090159 -0.991123 0.097711 -0.220416
-0.783809 0.010086 -0.620921 0.075734
0.614423 -0.132568 -0.777760 -0.052658
227
-0.106938 -0.988842 0.103715 -0.222771
-0.783800 0.019661 -0.620702 0.078135
0.611737 -0.147668 -0.777157 -0.056033
228
-0.128253 -0.985780 0.108579 -0.224815
-0.784111 0.033758 -0.619702 0.079514
0.607224 -0.164617 -0.777290 -0.060871
229
-0.147296 -0.982201 0.116556 -0.225567
-0.786508 0.044855 -0.615949 0.081697
0.599757 -0.182399 -0.779116 -0.066602
230
-0.168301 -0.977868 0.124297 -0.227353
-0.787805 0.057642 -0.613221 0.084680
0.592484 -0.201128 -0.780070 -0.071469
231
-0.189444 -0.972699 0.134039 -0.226665
-0.789552 0.069755 -0.609706 0.089579
0.583711 -0.221336 -0.781211 -0.079591
232
-0.209705 -0.967141 0.143741 -0.223297
-0.788268 0.080248 -0.610076 0.096813
0.578495 -0.241242 -0.779195 -0.089425
233
-0.224818 -0.963026 0.148455 -0.221189
-0.781543 0.087226 -0.617724 0.098036
0.581935 -0.254899 -0.772255 -0.094245
234
-0.235124 -0.960372 0.149674 -0.220289
-0.775349 0.092462 -0.624727 0.099884
0.586132 -0.262938 -0.766364 -0.095794
235
-0.242978 -0.958414 0.149683 -0.222300
-0.769340 0.096414 -0.631522 0.101289
0.590827 -0.268603 -0.760773 -0.098841
236
-0.249866 -0.956353 0.151511 -0.224673
-0.762722 0.098001 -0.639258 0.100374
0.596508 -0.275290 -0.753919 -0.099045
237
-0.262880 -0.950735 0.164309 -0.232017
-0.756520 0.097419 -0.646674 0.100073
0.598809 -0.294300 -0.744859 -0.103413
238
-0.279546 -0.942063 0.185395 -0.221193
-0.756488 0.097201 -0.646744 0.099416
0.591253 -0.321043 -0.739832 -0.108481
239
-0.278492 -0.942435 0.185092 -0.217808
-0.757189 0.096884 -0.645970 0.100033
0.590853 -0.320047 -0.740583 -0.108335
240
-0.271947 -0.945037 0.181524 -0.217827
-0.756965 0.093604 -0.646717 0.101862
0.594179 -0.313280 -0.740815 -0.105509
241
-0.264126 -0.947945 0.177871 -0.219446
-0.754746 0.088321 -0.650045 0.099049
0.600497 -0.305941 -0.738785 -0.101816
242
-0.255417 -0.950684 0.175960 -0.219661
-0.754863 0.082372 -0.650690 0.097430
0.604106 -0.299023 -0.738675 -0.098933
243
-0.247521 -0.953222 0.173500 -0.219145
-0.754922 0.077498 -0.651220 0.094721
0.607311 -0.292169 -0.738790 -0.095319
244
-0.239400 -0.956427 0.167136 -0.219022
-0.756437 0.075813 -0.649658 0.093579
0.608680 -0.281956 -0.741627 -0.092207
245
-0.223432 -0.961469 0.160173 -0.218493
-0.760156 0.069021 -0.646064 0.093290
0.610115 -0.266108 -0.746288 -0.087873
246
-0.213757 -0.964539 0.154829 -0.218493
-0.760173 0.064691 -0.646492 0.092652
0.613551 -0.255889 -0.747045 -0.083750
247
-0.205163 -0.967008 0.151008 -0.216133
-0.759785 0.060101 -0.647391 0.089781
0.616956 -0.247554 -0.747049 -0.080886
248
-0.195185 -0.970145 0.143951 -0.212495
-0.760299 0.056953 -0.647071 0.087937
0.619554 -0.235744 -0.748717 -0.075377
249
-0.181386 -0.974090 0.135086 -0.209639
-0.760775 0.051948 -0.646933 0.085973
0.623154 -0.220115 -0.750486 -0.071042
250
-0.167653 -0.977910 0.124837 -0.209959
-0.761745 0.048116 -0.646088 0.083671
0.625810 -0.203412 -0.752985 -0.065492
251
-0.156285 -0.981077 0.114297 -0.209690
-0.764165 0.046783 -0.643322 0.081817
0.625801 -0.187883 -0.757016 -0.060228
252
-0.144387 -0.983931 0.105037 -0.208948
-0.767132 0.044255 -0.639961 0.082554
0.625028 -0.172979 -0.761195 -0.054814
253
-0.134621 -0.986091 0.097473 -0.207866
-0.768425 0.041784 -0.638574 0.080981
0.625620 -0.160866 -0.763362 -0.050333
254
-0.126002 -0.987929 0.090109 -0.203504
-0.770317 0.040202 -0.636392 0.081050
0.625088 -0.149599 -0.766084 -0.047313
255
-0.115233 -0.990076 0.080439 -0.201788
-0.770401 0.037959 -0.636429 0.079051
0.627060 -0.135308 -0.767129 -0.040713
256
-0.105206 -0.991822 0.072261 -0.199566
-0.772017 0.035655 -0.634601 0.077843
0.626835 -0.122551 -0.769454 -0.035989
257
-0.094426 -0.993442 0.064471 -0.199454
-0.773841 0.032503 -0.632545 0.075579
0.626301 -0.109619 -0.771836 -0.030148
258
-0.074349 -0.995683 0.055570 -0.193330
-0.780189 0.023370 -0.625108 0.071876
0.621110 -0.089831 -0.778558 -0.023836
259
-0.065144 -0.996710 0.048221 -0.190715
-0.782879 0.021084 -0.621817 0.072782
0.618754 -0.078258 -0.781677 -0.020095
260
-0.057781 -0.997401 0.043043 -0.188039
-0.784141 0.018657 -0.620303 0.072884
0.617887 -0.069593 -0.783181 -0.017226
261
-0.051675 -0.997977 0.037024 -0.182152
-0.783590 0.017534 -0.621031 0.073705
0.619125 -0.061104 -0.782911 -0.015719
262
-0.043104 -0.998693 0.027470 -0.180743
-0.781500 0.016575 -0.623685 0.073884
0.622414 -0.048351 -0.781193 -0.011045
263
-0.035358 -0.999129 0.022183 -0.177197
-0.778776 0.013636 -0.627154 0.071871
0.626305 -0.039451 -0.778580 -0.008499
264
-0.030303 -0.999441 0.014116 -0.172217
-0.776776 0.014659 -0.629606 0.071099
0.629048 -0.030044 -0.776786 -0.004042
265
-0.023662 -0.999713 0.003836 -0.167273
-0.776464 0.015961 -0.629959 0.068624
0.629717 -0.017884 -0.776619 0.000181
266
-0.012971 -0.999874 -0.009128 -0.162347
-0.777897 0.015826 -0.628193 0.071251
0.628258 -0.001048 -0.778004 0.004908
267
0.000181 -0.999775 -0.021238 -0.157137
-0.775395 0.013271 -0.631337 0.070046
0.631477 0.016582 -0.775218 0.005922
268
0.013539 -0.999231 -0.036806 -0.153555
-0.774063 0.012827 -0.632978 0.069000
0.632964 0.037060 -0.773294 0.012008
269
0.025538 -0.998402 -0.050410 -0.150991
-0.774207 0.012148 -0.632816 0.068481
0.632418 0.055189 -0.772659 0.014713
270
0.033405 -0.997446 -0.063131 -0.146123
-0.774319 0.014109 -0.632639 0.070666
0.631914 0.070017 -0.771870 0.017982
271
0.039721 -0.996339 -0.075699 -0.142631
-0.772628 0.017414 -0.634620 0.070979
0.633615 0.083695 -0.769108 0.021175
272
0.046040 -0.995137 -0.087078 -0.139761
-0.770587 0.020089 -0.637018 0.070270
0.635670 0.096429 -0.765915 0.024601
273
0.051458 -0.994173 -0.094725 -0.135771
-0.770996 0.020740 -0.636502 0.068037
0.634757 0.105786 -0.765436 0.026034
274
0.057249 -0.993210 -0.101275 -0.130300
-0.773133 0.020076 -0.633927 0.068884
0.631655 0.114591 -0.766734 0.027081
275
0.064918 -0.991851 -0.109621 -0.126722
-0.773720 0.019345 -0.633232 0.067115
0.630193 0.125925 -0.766159 0.029472
276
0.074563 -0.990512 -0.115443 -0.121665
-0.774883 0.015319 -0.631918 0.066098
0.627691 0.136573 -0.766389 0.029616
277
0.085960 -0.988493 -0.124468 -0.118499
-0.776406 0.011826 -0.630122 0.064586
0.624343 0.150803 -0.766455 0.033230
278
0.098253 -0.986400 -0.131765 -0.115597
-0.778656 0.006252 -0.627420 0.065321
0.619711 0.164246 -0.767452 0.032383
279
0.107791 -0.984468 -0.138579 -0.113748
-0.777779 0.003314 -0.628529 0.066510
0.619225 0.175534 -0.765342 0.033399
280
0.115107 -0.982713 -0.145001 -0.108527
-0.774432 0.002638 -0.632652 0.065895
0.622098 0.185116 -0.760741 0.034111
281
0.123957 -0.980551 -0.152167 -0.106109
-0.771374 0.001243 -0.636380 0.063687
0.624193 0.196261 -0.756218 0.035895
282
0.130799 -0.978703 -0.158217 -0.104231
-0.770641 0.000028 -0.637270 0.063044
0.623702 0.205283 -0.754225 0.036579
283
0.137084 -0.977341 -0.161284 -0.102395
-0.769921 -0.002684 -0.638133 0.062191
0.623241 0.211654 -0.752844 0.037632
284
0.142042 -0.976285 -0.163375 -0.099641
-0.770163 -0.005317 -0.637824 0.061419
0.621830 0.216424 -0.752654 0.036809
285
0.145567 -0.975359 -0.165789 -0.099160
-0.770499 -0.006648 -0.637407 0.063365
0.620598 0.220526 -0.752480 0.037154
286
0.146879 -0.975159 -0.165808 -0.097945
-0.767830 -0.006726 -0.640618 0.063665
0.623589 0.221405 -0.749744 0.035100
287
0.147515 -0.975291 -0.164461 -0.096936
-0.764099 -0.006796 -0.645063 0.061930
0.628006 0.220822 -0.746221 0.035579
288
0.147003 -0.975599 -0.163087 -0.095395
-0.762986 -0.006915 -0.646378 0.061729
0.629478 0.219452 -0.745385 0.035247
289
0.147645 -0.975645 -0.162227 -0.094728
-0.762034 -0.007656 -0.647492 0.062180
0.630481 0.219221 -0.744605 0.034730
290
0.147588 -0.976010 -0.160068 -0.095669
-0.760020 -0.008350 -0.649846 0.061746
0.632920 0.217564 -0.743020 0.034161
291
0.144307 -0.977252 -0.155416 -0.095969
-0.758630 -0.008419 -0.651467 0.061723
0.635339 0.211915 -0.742587 0.032885
292
0.138795 -0.978758 -0.150893 -0.096070
-0.757624 -0.006818 -0.652655 0.061280
0.637763 0.204905 -0.742477 0.032012
293
0.133394 -0.980199 -0.146343 -0.096663
-0.757268 -0.005551 -0.653081 0.061443
0.639337 0.197938 -0.743014 0.030676
294
0.127471 -0.981762 -0.141049 -0.096888
-0.757178 -0.004467 -0.653194 0.061898
0.640651 0.190062 -0.743938 0.030196
295
0.121991 -0.983218 -0.135648 -0.096333
-0.756755 -0.003708 -0.653688 0.061485
0.642215 0.182396 -0.744508 0.029845
296
0.117481 -0.984269 -0.131959 -0.097409
-0.757417 -0.002868 -0.652926 0.060909
0.642276 0.176654 -0.745839 0.028600
297
0.112725 -0.985283 -0.128490 -0.097491
-0.759124 -0.001961 -0.650943 0.061455
0.641111 0.170917 -0.748173 0.028621
298
0.108294 -0.986017 -0.126659 -0.098086
-0.760718 -0.000172 -0.649082 0.062966
0.639984 0.166644 -0.750100 0.026729
299
0.104243 -0.986718 -0.124582 -0.098019
-0.760406 0.001664 -0.649446 0.063510
0.641028 0.162433 -0.750133 0.027447
300
0.102107 -0.987082 -0.123463 -0.098856
-0.760312 0.002596 -0.649553 0.062331
0.641482 0.160195 -0.750225 0.027582
301
0.100760 -0.987334 -0.122551 -0.101053
-0.761962 0.002624 -0.647616 0.062677
0.639735 0.158633 -0.752047 0.027522
302
0.097661 -0.988015 -0.119538 -0.103652
-0.762958 0.002796 -0.646442 0.062150
0.639028 0.154335 -0.753541 0.026634
303
0.092900 -0.988975 -0.115315 -0.107238
-0.765129 0.003203 -0.643870 0.060777
0.637141 0.148046 -0.756396 0.026464
304
0.086148 -0.990485 -0.107324 -0.109531
-0.768348 0.002523 -0.640028 0.061472
0.634208 0.137599 -0.760819 0.024811
305
0.079447 -0.991761 -0.100492 -0.111022
-0.770952 0.002775 -0.636888 0.061522
0.631919 0.128074 -0.764379 0.025331
306
0.076052 -0.992732 -0.093265 -0.112415
-0.773519 0.000284 -0.633773 0.063080
0.629194 0.120342 -0.767876 0.023790
307
0.074366 -0.993307 -0.088383 -0.114665
-0.772930 -0.001411 -0.634490 0.064098
0.630119 0.115499 -0.767861 0.023934
308
0.073278 -0.993715 -0.084628 -0.117917
-0.770914 -0.002605 -0.636934 0.064098
0.632710 0.111914 -0.766259 0.023020
309
0.071015 -0.994229 -0.080409 -0.122342
-0.767871 -0.003038 -0.640597 0.063375
0.636656 0.107236 -0.763656 0.023499
310
0.065147 -0.995002 -0.075680 -0.126008
-0.766655 -0.001362 -0.642058 0.062507
0.638746 0.099849 -0.762912 0.023627
311
0.058348 -0.995793 -0.070654 -0.129138
-0.767254 0.000548 -0.641344 0.062229
0.638684 0.091630 -0.763994 0.022672
312
0.052483 -0.996410 -0.066429 -0.132026
-0.768426 0.002188 -0.639935 0.062625
0.637783 0.084631 -0.765553 0.021775
313
0.048058 -0.996950 -0.061482 -0.135075
-0.769113 0.002339 -0.639108 0.063411
0.637303 0.078001 -0.766655 0.021094
314
0.044558 -0.997313 -0.058144 -0.139586
-0.768869 0.002926 -0.639400 0.063220
0.637852 0.073196 -0.766672 0.021293
315
0.041252 -0.997718 -0.053459 -0.143179
-0.768918 0.002465 -0.639343 0.063419
0.638015 0.067480 -0.767061 0.019903
316
0.036727 -0.998109 -0.049291 -0.147117
-0.767608 0.003406 -0.640911 0.065589
0.639867 0.061375 -0.766031 0.018915
317
0.031143 -0.998487 -0.045326 -0.150435
-0.764755 0.005395 -0.644298 0.064299
0.643568 0.054729 -0.763430 0.020718
318
0.025642 -0.998810 -0.041485 -0.154420
-0.763959 0.007186 -0.645225 0.063990
0.644755 0.048238 -0.762866 0.019066
319
0.020880 -0.999126 -0.036211 -0.157784
-0.763090 0.007475 -0.646250 0.066187
0.645955 0.041126 -0.762267 0.017732
320
0.015040 -0.999408 -0.030930 -0.161624
-0.759791 0.008685 -0.650109 0.065157
0.649993 0.033278 -0.759211 0.017602
321
0.010070 -0.999609 -0.026078 -0.165544
-0.758877 0.009342 -0.651167 0.064760
0.651156 0.026347 -0.758487 0.017803
322
0.004059 -0.999777 -0.020715 -0.169443
-0.758695 0.010416 -0.651363 0.064976
0.651433 0.018360 -0.758484 0.017107
323
-0.001383 -0.999898 -0.014184 -0.173512
-0.758799 0.010287 -0.651243 0.064996
0.651323 0.009862 -0.758736 0.016037
324
-0.007338 -0.999950 -0.006839 -0.175352
-0.758546 0.010023 -0.651542 0.064767
0.651578 0.000407 -0.758582 0.014842
325
-0.010784 -0.999941 -0.001657 -0.179813
-0.758414 0.009259 -0.651707 0.064387
0.651684 -0.005771 -0.758469 0.015213
326
-0.014932 -0.999874 0.005414 -0.182397
-0.758354 0.007796 -0.651796 0.065546
0.651672 -0.013839 -0.758375 0.013127
327
-0.018711 -0.999763 0.011117 -0.184666
-0.756355 0.006882 -0.654125 0.064371
0.653893 -0.020648 -0.756305 0.011432
328
-0.021032 -0.999653 0.015839 -0.188909
-0.754429 0.005473 -0.656359 0.064161
0.656045 -0.025754 -0.754282 0.012092
329
-0.026126 -0.999413 0.022157 -0.192500
-0.752597 0.005076 -0.658462 0.064540
0.657963 -0.033878 -0.752288 0.010546
330
-0.033515 -0.999097 0.026108 -0.195392
-0.751115 0.007946 -0.660124 0.062824
0.659320 -0.041734 -0.750703 0.010575
331
-0.039460 -0.998783 0.029604 -0.198708
-0.751943 0.010170 -0.659150 0.063727
0.658046 -0.048271 -0.751428 0.008817
332
-0.044896 -0.998402 0.034330 -0.201328
-0.752306 0.011179 -0.658719 0.064793
0.657282 -0.055400 -0.751605 0.006649
333
-0.050178 -0.997937 0.040046 -0.204826
-0.750943 0.011263 -0.660271 0.064990
0.658458 -0.063203 -0.749959 0.005135
334
-0.055506 -0.997421 0.045511 -0.208170
-0.749505 0.011508 -0.661900 0.064147
0.659668 -0.070850 -0.748210 0.004808
335
-0.060650 -0.996801 0.052058 -0.210288
-0.749566 0.011042 -0.661838 0.063294
